SM:2020-01-28T23:23:43.4841366Z
LM:2020-01-31T22:52:38.5021706Z
CT:image/jpeg
MA:2592000
